18.000000 6.000000 2.000000
64
-137.172424 -52.865299 -26.801083
-67.111259 -44.885315 -30.855473
-69.916939 -12.843876 -16.273222
-104.947487 -16.833868 -14.246030
-107.753174 15.207569 0.336228
-72.722618 19.197556 -1.690965
-75.528275 51.239056 12.891312
-145.589462 43.259060 16.945730
-133.685654 -67.168945 5.299061
-63.624481 -59.188953 1.244667
-66.430161 -27.147541 15.826942
-101.460716 -31.137514 17.854115
-104.266373 0.903923 32.436390
-69.235817 4.893910 30.409191
-72.041473 36.935425 44.991474
-142.102676 28.955433 49.045837
2.949803 -36.905327 -34.909851
37.980370 -32.915352 -36.937042
35.174690 -0.873914 -22.354786
70.205147 3.116059 -24.381962
67.399490 35.157513 -9.799709
32.369034 31.167522 -7.772545
29.563366 63.209015 6.809738
-5.467196 59.219028 8.836939
-2.661529 27.177532 -5.745333
-37.692039 23.187544 -3.718145
-34.886398 -8.853889 -18.300402
0.144138 -4.863900 -20.327591
6.436595 -51.208973 -2.809742
41.467155 -47.218990 -4.836923
38.661514 -15.177551 9.745333
73.691948 -11.187572 7.718140
70.886276 20.853859 22.300392
35.855827 16.863871 24.327587
33.050156 48.905373 38.909874
-1.980403 44.915405 40.937057
0.825268 12.873896 26.354767
-34.205238 8.883894 28.382004
-31.399578 -23.157549 13.799732
3.630929 -19.167545 11.772514
143.071869 -20.945419 -43.018574
178.102509 -16.955425 -45.045811
175.296844 15.086029 -30.463531
210.327255 19.075989 -32.490700
207.521515 51.117451 -17.908449
172.491150 47.127476 -15.881249
169.685471 79.168953 -1.298996
134.654877 75.178993 0.728220
137.460526 43.137474 -13.854065
102.430046 39.147491 -11.826874
105.235695 7.106044 -26.409147
140.266235 11.096022 -28.436312
146.558746 -35.249027 -10.918489
181.589294 -31.259041 -12.945659
178.783615 0.782389 1.636578
213.813965 4.772348 -0.390594
211.008316 36.813805 14.191659
175.977982 32.823837 16.218836
173.172287 64.865349 30.801113
138.141678 60.875343 32.828293
140.947418 28.833832 18.246016
105.916847 24.843853 20.273193
108.722511 -7.197578 5.690942
143.753082 -3.207604 3.663767
96
1 2
2 3
3 4
4 5
5 6
6 7
7 8
8 1
1 9
2 10
3 11
4 12
5 13
6 14
7 15
8 16
9 10
10 11
11 12
12 13
13 14
14 15
15 16
16 9
17 28
17 18
18 19
19 20
20 21
21 22
22 23
23 24
24 25
25 26
26 27
27 28
29 40
29 30
30 31
31 32
32 33
33 34
34 35
35 36
36 37
37 38
38 39
39 40
29 17
30 18
31 19
32 20
33 21
34 22
35 23
36 24
37 25
38 26
39 27
40 28
41 52
41 42
42 43
43 44
44 45
45 46
46 47
47 48
48 49
49 50
50 51
51 52
53 64
53 54
54 55
55 56
56 57
57 58
58 59
59 60
60 61
61 62
62 63
63 64
41 53
42 54
43 55
44 56
45 57
46 58
47 59
48 60
49 61
50 62
51 63
52 64
