18 6 2
64
0 0 0
8 0 0
8 4 0
4 4 0
4 8 0
8 8 0
8 12 0
0 12 0
0 0 4
8 0 4
8 4 4
4 4 4
4 8 4
8 8 4
8 12 4
0 12 4
16 0 0
20 0 0
20 4 0
24 4 0
24 8 0
20 8 0
20 12 0
16 12 0
16 8 0
12 8 0
12 4 0
16 4 0
16 0 4
20 0 4
20 4 4
24 4 4
24 8 4
20 8 4
20 12 4
16 12 4
16 8 4
12 8 4
12 4 4
16 4 4
32 0 0
36 0 0
36 4 0
40 4 0
40 8 0
36 8 0
36 12 0
32 12 0
32 8 0
28 8 0
28 4 0
32 4 0
32 0 4
36 0 4
36 4 4
40 4 4
40 8 4
36 8 4
36 12 4
32 12 4
32 8 4
28 8 4
28 4 4
32 4 4
96
1 2
2 3
3 4
4 5
5 6
6 7
7 8
8 1
1 9
2 10
3 11
4 12
5 13
6 14
7 15
8 16
9 10
10 11
11 12
12 13
13 14
14 15
15 16
16 9
17 28
17 18
18 19
19 20
20 21
21 22
22 23
23 24
24 25
25 26
26 27
27 28
29 40
29 30
30 31
31 32
32 33
33 34
34 35
35 36
36 37
37 38
38 39
39 40
29 17
30 18
31 19
32 20
33 21
34 22
35 23
36 24
37 25
38 26
39 27
40 28
41 52
41 42
42 43
43 44
44 45
45 46
46 47
47 48
48 49
49 50
50 51
51 52
53 64
53 54
54 55
55 56
56 57
57 58
58 59
59 60
60 61
61 62
62 63
63 64
41 53
42 54
43 55
44 56
45 57
46 58
47 59
48 60
49 61
50 62
51 63
52 64